-4.1273752391 -1.7899366510
5.3059772576 5.1874036183
-6.2927694264 -7.6955085944
7.9999596371 14.0668504663
-8.4952631171 -15.8431183291
8.7132136394 16.7635306989
-8.6635203081 -16.4898897928
8.7385272816 16.8601655020
-8.6683267368 -16.5083927816
8.7392195307 16.8628089138
-8.6684572523 -16.5088952389
8.7392383053 16.8628806068
-8.6684607914 -16.5089088635
8.7392388144 16.8628825508
-8.6684608874 -16.5089092329
8.7392388282 16.8628826035
-8.6684608900 -16.5089092430
8.7392388285 16.8628826049
-8.6684608900 -16.5089092432
8.7392388285 16.8628826049
